1 2
2 1
2 5
2 9
2 3
2 6
2 4
3 2
3 9
3 19
3 44
3 35
3 38
3 4
4 2
4 3
4 6
5 2
5 9
5 7
6 2
6 4
6 38
6 36
7 5
7 9
7 21
7 17
7 19
8 7
8 21
9 2
9 5
9 7
9 3
9 19
10 17
10 18
10 14
10 11
11 10
11 13
11 16
11 29
11 23
11 20
12 17
12 21
12 14
13 15
13 19
13 44
13 16
13 11
14 18
14 12
14 10
15 17
15 19
15 13
16 11
16 13
16 29
16 42
16 46
17 18
17 19
17 15
17 21
17 10
17 12
18 17
18 12
18 14
19 17
19 15
19 13
19 44
19 9
19 3
20 11
20 23
21 17
21 7
21 12
22 23
22 24
23 22
23 11
23 29
23 30
24 22
24 27
24 30
25 29
25 30
25 27
25 28
25 26
26 29
26 25
26 28
26 40
26 16
27 24
27 30
27 25
27 28
28 25
28 27
28 26
29 23
29 11
29 16
29 26
29 30
29 25
30 23
30 29
30 25
30 27
31 33
31 34
32 34
32 27
33 31
33 34
34 31
34 32
34 27
34 28
35 3
35 38
35 37
36 6
36 38
37 35
37 53
38 35
38 6
38 36
38 3
39 42
39 40
39 45
39 49
40 26
40 39
40 45
41 45
41 47
41 48
41 108
42 46
42 16
42 39
42 55
43 44
43 46
43 13
43 53
43 37
44 19
44 13
44 43
44 3
45 40
45 39
45 41
45 108
46 43
46 42
46 16
47 41
47 108
47 48
48 47
48 41
48 108
48 57
48 56
49 56
49 55
49 48
49 57
49 39
50 57
50 68
50 51
51 54
51 50
52 54
52 55
52 53
53 37
53 43
53 52
54 51
54 52
55 56
55 49
55 52
56 49
56 55
57 49
57 48
57 50
58 48
58 57
58 59
59 66
59 58
59 68
60 63
60 108
61 62
61 72
62 63
62 61
63 60
63 62
64 67
64 65
64 77
65 67
65 64
66 67
66 59
66 70
66 68
67 68
67 66
67 65
67 64
68 67
68 66
68 50
68 59
69 71
69 70
69 73
70 66
70 72
70 71
70 69
71 69
71 70
71 72
72 70
72 71
72 61
73 76
73 83
73 69
73 74
74 73
74 64
74 70
75 76
75 78
75 79
76 75
76 77
76 73
77 76
77 78
77 65
77 64
78 77
78 75
78 79
79 78
79 75
79 87
80 81
80 85
80 82
81 80
81 83
81 87
82 85
82 84
83 73
83 81
84 82
84 85
85 80
85 82
85 84
86 87
87 86
87 79
87 89
87 85
88 89
88 90
88 92
88 91
89 87
89 88
89 90
90 89
90 88
91 92
91 88
92 88
92 91
93 98
93 94
94 93
94 98
94 96
95 96
95 97
95 100
96 94
96 95
97 95
97 91
98 93
98 94
98 106
99 100
100 95
100 99
101 107
101 103
102 103
102 104
103 101
103 102
104 102
106 98
107 101
108 41
108 45
108 47
108 48
108 60
