F1: 		[128, 1, 131, 4, 5, 8, 15, 16, 17, 21, 23, 24, 26, 32, 33, 40, 169, 170, 42, 303, 51, 52, 65, 67, 69, 70, 201, 85, 86, 214, 88, 95, 100, 102, 231, 106, 107, 236, 		113]
F1 Risultati:   [128, 1, 131, 4, 5, 8, 15, 16, 17, 21, 23, 24, 26, 32, 33, 40, 169, 170, 42, 303, 51, 52, 65, 67, 69, 70, 201, 85, 86, 214, 88, 95, 100, 102, 231, 106, 107, 236, 		113, 2, 7, 12, 20, 22, 29, 31, 39, 46, 54, 55, 64, 66, 71, 84, 90, 92, 96, 97, 99, 101, 103, 104, 34, 68, 6, 72, 9, 74, 11, 45, 77, 18, 82, 89, 91, 30, 36, 59, 		10, 73, 13, 14, 80, 50, 19, 87, 25, 27, 28, 61, 3, 38, 44, 76, 81, 83, 62, 43, 35, 63, 53, 60, 37]


F2: 		[1, 131, 4, 5, 8, 13, 15, 16, 21, 23, 26, 32, 33, 40, 169, 42, 170, 45, 46, 47, 303, 51, 52, 65, 67, 69, 70, 201, 85, 214, 86, 88, 95, 97, 100, 231, 106, 236, 			 113]
F2 Risultati:	[1, 131, 4, 5, 8, 13, 15, 16, 21, 23, 26, 32, 33, 40, 169, 42, 170, 45, 46, 47, 303, 51, 52, 65, 67, 69, 70, 201, 85, 214, 86, 88, 95, 97, 100, 231, 106, 236, 			 113, 2, 7, 11, 20, 22, 29, 31, 39, 41, 54, 55, 64, 66, 71, 84, 90, 91, 92, 96, 99, 34, 68, 6, 72, 9, 74, 108, 77, 82, 89, 36, 73, 60, 80, 50, 19, 87, 59, 28, 61, 		 3, 38, 44, 76, 17, 81, 83, 25, 27, 62, 63, 35, 10, 43, 12, 24, 30, 18, 53, 37, 14]



F3: 		[1, 131, 4, 5, 8, 140, 13, 15, 17, 18, 21, 150, 23, 24, 26, 32, 40, 169, 42, 170, 44, 51, 52, 58, 60, 189, 65, 66, 67, 70, 201, 214, 95, 100, 231, 232, 233, 106, 		 113]
F3 Risultati:	[1, 131, 4, 5, 8, 140, 13, 15, 17, 18, 21, 150, 23, 24, 26, 32, 40, 169, 42, 170, 44, 51, 52, 58, 60, 189, 65, 66, 67, 70, 201, 214, 95, 100, 231, 232, 233, 106, 		 113, 64, 97, 2, 96, 68, 99, 7, 39, 10, 12, 16, 19, 20, 22, 55, 54, 59, 63, 3, 6, 9, 74, 11, 45, 14, 46, 77, 50, 29, 62, 36, 38, 43, 57, 61, 30, 35, 72, 49, 53, 		 25, 27, 56, 28, 37, 71, 48, 34, 69, 33, 73, 41, 108, 31, 83, 76, 47]
