f1c1 Half degree
10= {1, 20, 6, 7} 
25= {1, 4, 6, 9, 29} 
50= {1, 4, 6, 7, 9, 10, 14, 15, 17, 19, 22, 25, 29} 
75= {1, 4, 6, 7, 9, 10, 14, 15, 17, 19, 21, 22, 23, 25, 26, 29} 
100= {1, 4, 6, 7, 9, 10, 14, 15, 17, 19, 21, 22, 23, 25, 26, 29, 30, 31, 34, 35, 36, 37, 38, 39, 40, 41, 44} 
150= {1, 4, 6, 7, 9, 10, 138, 14, 15, 17, 19, 21, 22, 23, 25, 26, 29, 30, 31, 34, 35, 36, 37, 38, 39, 40, 41, 42, 43, 44, 45, 46, 48, 49, 50, 51, 56, 57, 58, 59, 61, 62, 63, 64, 68, 71} 

f1c2 random
10= {5}
25= {16, 32, 5, 15}
50= {16, 32, 113, 4, 5, 26, 15}
75= {32, 4, 5, 100, 231, 70, 15, 16, 113, 26, 95}
100= {32, 65, 1, 4, 5, 100, 231, 70, 201, 15, 16, 113, 119, 24, 26, 95}
150= {65, 1, 67, 4, 5, 70, 201, 334, 15, 16, 18, 214, 86, 24, 150, 26, 92, 95, 32, 100, 231, 303, 113, 119}

f1c3 Vicinato
10= {26, 4}
25= {51, 4, 5, 26, 95}
50= {67, 4, 5, 70, 169, 16, 51, 52, 26, 95}
75= {32, 67, 4, 5, 70, 231, 100, 169, 8, 15, 16, 113, 51, 52, 26, 95}
100= {67, 4, 5, 70, 8, 201, 15, 16, 21, 23, 26, 95, 32, 100, 231, 169, 170, 42, 113, 51, 52}
150= {65, 67, 4, 5, 70, 131, 8, 201, 15, 16, 21, 85, 23, 86, 24, 26, 88, 214, 95, 32, 33, 100, 231, 40, 169, 170, 42, 113, 51, 52}

f2c1 Half degree
10= {197, 363, 235, 273, 306, 371, 274, 374, 152, 249, 254, 286}
25= {197, 136, 74, 76, 14, 273, 274, 152, 286, 297, 363, 235, 44, 109, 306, 371, 307, 373, 374, 249, 124, 254}
50= {259, 260, 136, 141, 14, 273, 274, 22, 152, 29, 286, 39, 297, 44, 46, 306, 307, 308, 313, 189,    197, 72, 74, 76, 344, 362, 363, 235, 109, 364, 234, 371, 373, 374, 248, 249, 124, 254}
75= {257, 259, 260, 262, 136, 14, 273, 274, 22, 152, 29, 286, 285, 36, 39, 297, 44, 46, 47, 306, 307, 308, 313, 189, 197, 72, 328, 74, 200, 76, 80, 337, 344, 348, 103, 105, 362, 363, 235, 109, 364, 234, 371, 373, 374, 248, 249, 124, 254}
100= {257, 259, 260, 261, 262, 6, 264, 14, 273, 274, 22, 29, 286, 285, 36, 39, 297, 298, 44, 46, 47, 306, 307, 308, 312, 313, 72, 328, 74, 73, 76, 330, 336, 337, 82, 80, 344, 90, 348, 103, 105, 362, 363, 364, 109, 371, 373, 374, 117, 124, 136, 141, 152, 153, 159, 189, 197, 198, 200, 210, 220, 234, 235, 248, 249, 254}
150= {257, 259, 260, 261, 262, 6, 264, 268, 14, 272, 273, 274, 22, 25, 29, 286, 285, 31, 291, 36, 39, 297, 298, 44, 46, 47, 48, 302, 306, 307, 308, 312, 313, 322, 326, 72, 328, 74, 73, 76, 330, 336, 337, 82, 80, 84, 344, 90, 348, 349, 93, 352, 103, 104, 105, 362, 363, 364, 109, 365, 371, 373, 374, 117, 124, 130, 136, 139, 141, 152, 153, 156, 159, 167, 171, 176, 179, 187, 189, 195, 197, 198, 200, 203, 210, 220, 234, 235, 237, 241, 248, 249, 254}

f2c2 random
10= {5}
25= {16, 231, 5, 15}
50= {16, 1, 32, 5, 70, 231, 47, 15}
75= {32, 1, 100, 5, 70, 231, 76, 47, 16, 15, 214, 86, 95}
100= {32, 1, 100, 5, 70, 231, 201, 76, 47, 16, 15, 113, 214, 86, 26, 95}
150= {1, 67, 4, 5, 70, 201, 76, 15, 16, 214, 86, 24, 88, 26, 95, 32, 100, 231, 47, 113, 51, 119, 250}

f2c3 Vicinato
10= {4, 5}
25= {51, 4, 5, 231, 26}
50= {1, 4, 5, 70, 231, 100, 15, 51, 52, 26, 95}
75= {1, 67, 4, 5, 70, 231, 100, 169, 106, 15, 16, 113, 51, 52, 26, 95}
100={1, 67, 4, 5, 70, 8, 201, 15, 16, 85, 26, 95, 32, 100, 231, 169, 106, 44, 113, 51, 52}
150= {1, 67, 4, 5, 70, 131, 8, 201, 13, 15, 16, 85, 214, 21, 86, 23, 26, 95, 32, 100, 231, 40, 169, 106, 42, 236, 46, 113, 51, 52}

f3c1 Half degree
10= NULL
25= {26, 51}
50= {67, 169, 51, 26, 95}
75= {67, 100, 5, 231, 169, 44, 51, 26, 95}
100= {66, 67, 100, 5, 231, 169, 44, 51, 52, 26, 95}
150= {1, 4, 5, 8, 23, 24, 26, 169, 44, 51, 52, 66, 67, 70, 201, 95, 100, 231, 106}

f3c2 random
10= {26}
25= {26, 51}
50= {67, 169, 51, 26, 95}
75= {67, 100, 5, 231, 169, 44, 51, 26, 95}
100= {66, 67, 100, 5, 4, 231, 169, 44, 51, 52, 26, 95}
150= {1, 4, 5, 8, 23, 24, 26, 169, 44, 51, 52, 66, 67, 70, 201, 95, 100, 231, 106, 113}

f3c3 Vicinato
10= {26, 51}
25= {67, 169, 51, 26, 95}
50= {66, 67, 100, 5, 231, 169, 44, 51, 52, 26, 95}
75= {1, 66, 67, 100, 5, 4, 231, 8, 169, 70, 106, 44, 51, 52, 26, 95}
100= {1, 4, 5, 8, 15, 23, 24, 26, 169, 44, 51, 52, 66, 67, 70, 201, 95, 100, 231, 106, 113}
150= {1, 131, 4, 5, 8, 13, 15, 17, 21, 23, 24, 26, 169, 42, 44, 51, 52, 58, 189, 65, 66, 67, 70, 201, 214, 95, 100, 231, 106, 113}






